Object: 0 Tau: 0.8578767894176815 V: -1.2135977490750327
Object: 0 dMu: -0.00784914751883109
