Object: 0 Tau: 0.4687553594987198 V: -0.7048942999013222
Object: 0 dMu: -0.0141443643858742
