Object: 0 Tau: 1.0195979551734902 V: -1.2156917763628887
Object: 0 dMu: 0.047113214706264894
