Object: 0 Tau: 0.46641259439042243 V: -0.7152949921666276
Object: 0 dMu: -0.013356435065023764
