Object: 0 Tau: 1.1762364030692822 V: -1.1850892751717537
Object: 0 dMu: 0.02121387230547
