Object: 0 Tau: 0.633149243888251 V: -1.2073225342769542
Object: 0 dMu: -0.010748846688121726
