Object: 0 Tau: 0.6251947813124346 V: -1.223777640952169
Object: 0 dMu: 0.007432936604864663
