Object: 0 Tau: 0.8831249365809196 V: -1.213172684916912
Object: 0 dMu: 0.032382845235860956
