Object: 0 Tau: 0.8501139965186979 V: -1.2387219490397554
Object: 0 dMu: -0.005503206365805261
