Object: 0 Tau: 0.9014900755554647 V: -1.1851349383118301
Object: 0 dMu: 0.032756117875101035
