Object: 0 Tau: 0.736018846891052 V: -1.2209713363460213
Object: 0 dMu: 0.02634650570906065
