Object: 0 Tau: 0.8578581437339857 V: -1.2092744825686317
Object: 0 dMu: 0.014216923772315308
