Object: 0 Tau: 0.8357039732448439 V: -1.2255320003628256
Object: 0 dMu: -0.04462736342043386
