Object: 0 Tau: 0.8471025117838795 V: -1.2127358149039247
Object: 0 dMu: -7.66943068477785e-05
