Object: 10 Tau: 3.3944877241832057 V: -2.351755851881781
Object: 10 dMu: 0.004122254921957487
