Object: 10 Tau: 3.3422387525684436 V: -2.905977988432598
Object: 10 dMu: -0.016441791361952923
