Object: 10 Tau: 3.7805781229587208 V: -2.250771635192321
Object: 10 dMu: 0.013415686563852943
