Object: 10 Tau: 3.74350393344932 V: -2.390170339930222
Object: 10 dMu: 0.021547451507016847
