Object: 11 Tau: 0.6350993940381042 V: -1.6515449250847
Object: 11 dMu: -0.009347360606821065
