Object: 12 Tau: 0.1043793798933641 V: 0.07759203957202114
Object: 12 dMu: 0.4711138403761011
