Object: 13 Tau: 2.1655356080125348 V: -2.9361537887772666
Object: 13 dMu: -0.0028947546357169784
