Object: 15 Tau: 0.16837898959682707 V: -0.803208004148006
Object: 15 dMu: 0.07041082935121568
