Object: 16002 Tau: 1.8657025202378104 V: -1.708544051173975
Object: 16002 dMu: 0.0006053683453239311
