Object: 16007 Tau: 0.7337596616095317 V: -1.6286029119232373
Object: 16007 dMu: 0.002048672828220237
