Object: 16003 Tau: 3.5002118783394325 V: -2.0198855563445113
Object: 16003 dMu: -0.021762236868430443
