Object: 16003 Tau: 3.5389627128156964 V: -2.250768653587693
Object: 16003 dMu: 0.016268767456862343
