Object: 16009 Tau: 0.0021703139683455527 V: -0.2021051572993198
Object: 16009 dMu: -0.026241562025180035
