Object: 16004 Tau: 3.4889383616936795 V: -2.621355238998856
Object: 16004 dMu: -0.003339380195151828
