Object: 16002 Tau: 1.9300461160206295 V: -1.7526822560157715
Object: 16002 dMu: 0.023267533514106167
