Object: 16006 Tau: 0.004516467084933329 V: -1.114401452367674
Object: 16006 dMu: 0.05589097066981023
