Object: 16000 Tau: 3.934315596964448 V: -2.444891462728578
Object: 16000 dMu: -0.0018548831251805737
