Object: 16008 Tau: 3.871780467896109 V: -2.3775757157518695
Object: 16008 dMu: 0.034235719315449456
