Object: 16005 Tau: 2.560772149427911 V: -2.689766417177257
Object: 16005 dMu: -0.02389165603276877
