Object: 16007 Tau: 0.4734854909472651 V: -1.6797170566279638
Object: 16007 dMu: 0.002452694579770001
