Object: 16005 Tau: 3.540178455633649 V: -2.1622597307348363
Object: 16005 dMu: 0.0045146575379321
