Object: 16006 Tau: 0.03125154197167166 V: -1.1090681147495578
Object: 16006 dMu: 0.014715699848457034
