Object: 16001 Tau: 3.6059994172183476 V: -2.4850207087239182
Object: 16001 dMu: 0.05246202803310497
