Object: 16000 Tau: 3.6162702210630675 V: -2.187605881916978
Object: 16000 dMu: -0.011825929141853403
