Object: 16002 Tau: 2.1324204237895055 V: -1.656362543613466
Object: 16002 dMu: 0.020885008914384683
