Object: 16009 Tau: 0.0025321252263445625 V: -0.17421395535817644
Object: 16009 dMu: -0.005725587868158856
