Object: 16000 Tau: 3.4579242049884473 V: -2.1180759802608424
Object: 16000 dMu: 0.054221707158413165
