Object: 16007 Tau: 0.8561349107730998 V: -1.729961300008328
Object: 16007 dMu: -0.010186364892304428
