Object: 16001 Tau: 3.265923492399918 V: -2.347190678283355
Object: 16001 dMu: -0.02769164931898789
