Object: 16001 Tau: 3.650655450668459 V: -2.0583792870390285
Object: 16001 dMu: 0.07840488906848747
