Object: 16008 Tau: 2.9936688022570888 V: -2.492873743031328
Object: 16008 dMu: -0.0283396169760196
