Object: 16004 Tau: 3.595385829525686 V: -1.922285158955855
Object: 16004 dMu: 0.019016824309319186
