Object: 16017 Tau: 3.712657361667234 V: -2.101355967203157
Object: 16017 dMu: -0.012636724607611512
