Object: 16010 Tau: 3.7963444479935937 V: -1.97772110385325
Object: 16010 dMu: -0.003599281786800086
