Object: 16010 Tau: 2.5275061324873986 V: -2.4503387827674934
Object: 16010 dMu: 0.004797625403343428
