Object: 16 Tau: 1.41604376941974 V: -1.2101557138440122
Object: 16 dMu: -0.020468956795478548
