Object: 17999 Tau: 2.5483320649876267 V: -0.6661846858704812
Object: 17999 dMu: 0.02642339872023733
