Object: 17999 Tau: 2.456706975061832 V: -0.705331910483506
Object: 17999 dMu: 0.004652834374151149
