Object: 17999 Tau: 2.958420156472643 V: -0.5563453240315901
Object: 17999 dMu: -0.03155840260983947
