Object: 17999 Tau: 2.3784074047269756 V: -0.7473236943117109
Object: 17999 dMu: 0.0033944554035570855
