Object: 17999 Tau: 2.921386345841778 V: -0.5757638238929054
Object: 17999 dMu: -0.04028498484308503
