Object: 17999 Tau: 2.9214171721089457 V: -0.5757429080412595
Object: 17999 dMu: -2.246034708927811
