Object: 17999 Tau: 2.9213998723143018 V: -0.5757557340253516
Object: 17999 dMu: -0.04027645341835365
