Object: 17999 Tau: 2.6486997958624556 V: -0.7988047347496469
Object: 17999 dMu: -1.7917141696355392
