Object: 17999 Tau: 2.6409785169436657 V: -0.6668086075006501
Object: 17999 dMu: -0.008191116067721146
