Object: 17999 Tau: 2.4222362316232506 V: -0.7317481028399914
Object: 17999 dMu: -0.02491465571679237
