Object: 17999 Tau: 2.930635198725901 V: -0.5747739228920569
Object: 17999 dMu: -0.036314921025907596
