Object: 17999 Tau: 2.3740733082387764 V: -0.7521772820372292
Object: 17999 dMu: 0.02298240097519627
