Object: 17999 Tau: 2.4761040012292486 V: -0.7098994271878819
Object: 17999 dMu: 0.010177616258609894
