Object: 17999 Tau: 2.525744092040214 V: -0.703224669303367
Object: 17999 dMu: -0.007259697924060626
