Object: 17999 Tau: 2.378367343127169 V: -0.7454277665654491
Object: 17999 dMu: 0.0038313212836095364
