Object: 17999 Tau: 2.3802927150563464 V: -0.7450899154118347
Object: 17999 dMu: 0.005179727304105264
