Object: 17999 Tau: 2.9303523734589447 V: -0.5742556007059612
Object: 17999 dMu: -0.02276575868805522
