Object: 17999 Tau: 2.4336046956280453 V: -0.729433403273281
Object: 17999 dMu: -0.016091877628330337
