Object: 17999 Tau: 2.3770125349609192 V: -0.7462336323649564
Object: 17999 dMu: 0.004972624266128325
