Object: 17999 Tau: 2.3698441523160625 V: -0.7311847395147819
Object: 17999 dMu: 0.013638684940116517
