Object: 17999 Tau: 2.441720189481666 V: -0.7034669935430949
Object: 17999 dMu: 0.018169262517876483
