Object: 17999 Tau: 2.2909375402524197 V: -0.7947151854831483
Object: 17999 dMu: 0.0013607568217869764
