Object: 17999 Tau: 2.406180233427615 V: -0.7326577356522931
Object: 17999 dMu: -0.009979733576328975
