Object: 17999 Tau: 2.921399539161523 V: -0.5757564658100003
Object: 17999 dMu: -0.0402779246059217
