Object: 17999 Tau: 2.0237071663453077 V: -0.7654433374075669
Object: 17999 dMu: 0.02746707430171388
