Object: 17999 Tau: 2.3781977047501064 V: -0.7473637289609399
Object: 17999 dMu: 0.004025788468536932
