Object: 17999 Tau: 2.5382757991875122 V: -0.6793182412067054
Object: 17999 dMu: -0.020341257505249975
