Object: 17999 Tau: 2.4150969065975154 V: -0.7198303523045985
Object: 17999 dMu: -0.025905517565821323
