Object: 17999 Tau: 2.4325317918578895 V: -0.7084376131354846
Object: 17999 dMu: 0.007847412251126524
