Object: 17999 Tau: 2.3733239111872466 V: -0.7360121794292154
Object: 17999 dMu: 0.017800742485410866
