Object: 17999 Tau: 2.9209791259904443 V: -0.5753318599379886
Object: 17999 dMu: -0.035676608483985475
