Object: 17999 Tau: 2.932383560019299 V: -0.5692248923883795
Object: 17999 dMu: -0.03418265023464323
