Object: 17999 Tau: 2.4614600722519655 V: -0.7094407330487845
Object: 17999 dMu: 0.011677309065340173
