Object: 17999 Tau: 2.9433209621762266 V: -0.5619026590316024
Object: 17999 dMu: -2.2593642403772716
