Object: 17999 Tau: 2.588836414477113 V: -0.6510448108371795
Object: 17999 dMu: 0.020509209969221544
