Object: 17999 Tau: 2.5524622052913877 V: -0.6717694819022622
Object: 17999 dMu: 0.0005114375120065517
