Object: 17999 Tau: 2.472084814555799 V: -0.7116982889965742
Object: 17999 dMu: 0.005418234319273341
