Object: 17999 Tau: 2.9259352834389603 V: -0.5775112029148021
Object: 17999 dMu: -0.0357423628901974
