Object: 17999 Tau: 2.378073326476269 V: -0.7457437719445797
Object: 17999 dMu: 0.0037700123872178685
