Object: 18 Tau: 0.04364810841617456 V: -0.839579001207481
Object: 18 dMu: -0.019632465979158624
