Object: 18 Tau: 0.5602825513039758 V: -1.1989593269629029
Object: 18 dMu: 0.02047751454224135
