Object: 19 Tau: 1.561161242167753 V: -2.452234386403129
Object: 19 dMu: 0.0009297708580327199
