Object: 19 Tau: 1.5119324664713858 V: -2.4311326902024972
Object: 19 dMu: 0.0009821165017326824
