Object: 1 Tau: 3.4950982005487776 V: -2.7113218606540013
Object: 1 dMu: -0.04235240919017089
