Object: 1 Tau: 3.4163520478429428 V: -2.831078828652796
Object: 1 dMu: -0.01716734296950138
