Object: 1 Tau: 3.47694954326926 V: -2.5121881959673806
Object: 1 dMu: 0.02447273699807664
