Object: 1 Tau: 0.074904363581763 V: -1.8150057978506713
Object: 1 dMu: 0.0018089405080488447
