Object: 1 Tau: 3.6503146903732957 V: -1.9517978114923713
Object: 1 dMu: 0.04924682572144487
