Object: 1 Tau: 3.7993516007880332 V: -2.316854409344687
Object: 1 dMu: 0.03742045710300501
