Object: 1 Tau: 3.853221253937499 V: -2.280230217455405
Object: 1 dMu: 0.0020075841097736274
