Object: 1 Tau: 3.710644503446696 V: -2.7943711638620794
Object: 1 dMu: -0.006737000960306133
