Object: 1 Tau: 3.0881781579668295 V: -2.684756457732576
Object: 1 dMu: -0.022846661196581165
