Object: 1 Tau: 3.376255837787126 V: -2.206856600565507
Object: 1 dMu: -0.020970058963829353
