Object: 1 Tau: 0.17581611070505565 V: -1.7603026585994281
Object: 1 dMu: 0.0021735888308001055
