Object: 1 Tau: 3.775773383159395 V: -2.302050449861374
Object: 1 dMu: -0.002467121608637282
