Object: 1 Tau: -2.318783531192956 V: -5.408225225914668
Object: 1 dMu: -0.036375986739287616
