Object: 20 Tau: 2.2467946452947105 V: -1.0122015157896733
Object: 20 dMu: -0.011752765547826248
