Object: 22 Tau: 0.015588033320362182 V: -2.1902762501026825
Object: 22 dMu: -0.003989542886147306
