Object: 25 Tau: 1.2801284829682897 V: -0.8568738131730614
Object: 25 dMu: -0.0022663944942276273
