Object: 26 Tau: 0.08015975579246337 V: -0.8355454748520447
Object: 26 dMu: -0.03599325343507904
