Object: 27 Tau: 0.04147490080659011 V: -0.7163556870068882
Object: 27 dMu: -0.02279927708436446
