Object: 28 Tau: 0.03172453415023399 V: -0.7861086030154547
Object: 28 dMu: 0.017267065817699535
