Object: 29 Tau: 0.09504739134424878 V: -1.0708706265933228
Object: 29 dMu: 0.0054274988973702365
