Object: 2 Tau: 3.596193221024818 V: -2.575889039695843
Object: 2 dMu: -0.04641377599860021
