Object: 2 Tau: 3.6073175794332335 V: -2.0395522562242454
Object: 2 dMu: 0.003761072623929015
