Object: 2 Tau: 1.3483909222002635 V: -1.1912261559065254
Object: 2 dMu: -0.002648370900189329
