Object: 2 Tau: 3.6967077685952985 V: -2.417937390722081
Object: 2 dMu: -0.00014357833177381513
