Object: 2 Tau: 3.7304603852505216 V: -2.7933712979338425
Object: 2 dMu: -0.029230356377971792
