Object: 2 Tau: 3.67399688705542 V: -2.9209821907509705
Object: 2 dMu: 0.0027728074675278137
