Object: 2 Tau: 1.2991876659573554 V: -1.1913592448527934
Object: 2 dMu: -0.0008300516398650482
