Object: 2 Tau: 3.365243739782206 V: -2.7881262901204296
Object: 2 dMu: -0.011938524743327008
