Object: 2 Tau: 3.398890517201019 V: -2.844866529168057
Object: 2 dMu: -0.0016932732145761992
