Object: 2 Tau: 3.7707714604239775 V: -2.6679836743732013
Object: 2 dMu: -0.0006691222564202889
