Object: 2 Tau: 2.6964384779290778 V: -2.8033330665181646
Object: 2 dMu: -0.008265765929365914
