Object: 2 Tau: 3.6320844471497256 V: -2.390552547675986
Object: 2 dMu: -0.03882978826742085
