Object: 2 Tau: -3.302994205151691 V: -5.0882549271318585
Object: 2 dMu: -0.9708638477697317
