Object: 30 Tau: 0.4627306818276162 V: -1.1579148842148146
Object: 30 dMu: -0.02880744294215125
