Object: 31 Tau: 2.6169083324659743 V: -0.9640793424109272
Object: 31 dMu: 0.07984017463361227
