Object: 32 Tau: 0.043674105802554486 V: -2.0200431701381465
Object: 32 dMu: -0.009417200582156317
