Object: 3347 Tau: 2.4211335869393302 V: -0.9418810652002954
Object: 3347 dMu: -0.02179210563334931
