Object: 3347 Tau: 2.3653686511263587 V: -0.9787177596831267
Object: 3347 dMu: -0.017748430223267345
