Object: 3347 Tau: 2.272273619955419 V: -0.6877553788004956
Object: 3347 dMu: -0.006159297906819946
