Object: 3347 Tau: 2.447934451108055 V: -0.9293153386763369
Object: 3347 dMu: 0.023177762324540746
