Object: 3347 Tau: 2.2788494315183527 V: -0.6864970121382856
Object: 3347 dMu: 0.003408197351689214
