Object: 3347 Tau: 2.377008593208591 V: -0.9766421655196413
Object: 3347 dMu: -0.011771008667261966
