Object: 3347 Tau: 2.3812026548571046 V: -0.9728848899103278
Object: 3347 dMu: -0.009951842495743986
