Object: 3347 Tau: 2.257534401887151 V: -0.6951530639174391
Object: 3347 dMu: -0.010298557687669664
