Object: 3347 Tau: 2.3586864020109015 V: -0.9704001145754132
Object: 3347 dMu: 0.01132176257656288
