Object: 3347 Tau: 2.2870805144591664 V: -0.6850856993776229
Object: 3347 dMu: -0.009818522826696985
