Object: 3347 Tau: 2.2985359823187697 V: -1.005079840350993
Object: 3347 dMu: -0.03565528253505626
