Object: 3347 Tau: 2.3293182647379727 V: -0.8990258519053425
Object: 3347 dMu: -0.08117312782273794
