Object: 3347 Tau: 2.375106361009032 V: -0.9776421999540488
Object: 3347 dMu: -0.010163254211466674
