Object: 3347 Tau: 2.378784329928303 V: -0.9771451708643303
Object: 3347 dMu: -0.004677452371245906
