Object: 3347 Tau: 2.522880720347948 V: -0.9044850258247941
Object: 3347 dMu: 0.008653741706006315
