Object: 3347 Tau: 2.421514062070812 V: -0.9550573576859879
Object: 3347 dMu: 0.0036937025832304154
