Object: 3347 Tau: 2.224435319032587 V: -0.9532178311302308
Object: 3347 dMu: -0.0447336142279256
