Object: 3347 Tau: 2.233817983183119 V: -0.8939161973662302
Object: 3347 dMu: -0.07293256785130908
