Object: 3347 Tau: 2.2976496691501613 V: -1.0151256553276327
Object: 3347 dMu: -0.006322992362211316
