Object: 3347 Tau: 2.3796347437860663 V: -0.9741144754460592
Object: 3347 dMu: -0.012473366257348687
