Object: 3347 Tau: 2.5056473013792484 V: -0.921849833882192
Object: 3347 dMu: -0.027065220843513968
