Object: 3347 Tau: 2.329096056296957 V: -1.0120475201164165
Object: 3347 dMu: 1.7110881932722033e-05
