Object: 3347 Tau: 2.263277484628367 V: -0.6939672601666245
Object: 3347 dMu: -0.0037581208395814428
