Object: 3347 Tau: 2.2390882738526234 V: -0.8882286627196514
Object: 3347 dMu: -0.07462546491965388
