Object: 3347 Tau: 2.3847558288029105 V: -0.9657067124528167
Object: 3347 dMu: 0.027278275498358324
