Object: 3347 Tau: 2.4285727045300103 V: -0.9834981630665539
Object: 3347 dMu: -0.018191288867555062
