Object: 3347 Tau: 2.2722409751712958 V: -0.6877750362138026
Object: 3347 dMu: -0.006142581728594759
