Object: 3347 Tau: 2.528177240455366 V: -0.887951817327084
Object: 3347 dMu: 0.015648576935157765
