Object: 3347 Tau: 2.3258190190388763 V: -0.9766012688946806
Object: 3347 dMu: -0.010207849658148999
