Object: 33 Tau: 3.709750676817082 V: -2.9611040109378033
Object: 33 dMu: -0.007735900808484575
