Object: 34 Tau: 0.6570092853937672 V: -1.5020035345147635
Object: 34 dMu: 0.004856734503782014
