Object: 3 Tau: 3.7569710228715003 V: -2.8134414544066675
Object: 3 dMu: 0.004050002379487647
