Object: 3 Tau: 3.6871278920974646 V: -2.9392029133926347
Object: 3 dMu: 0.026507280920812983
