Object: 3 Tau: 3.3068117940669124 V: -2.5509634171979156
Object: 3 dMu: -0.04040048152064986
