Object: 3 Tau: 3.794941485104841 V: -2.5088990791044594
Object: 3 dMu: 0.005678593726643552
