Object: 3 Tau: 3.8411999974226823 V: -2.8468046852880926
Object: 3 dMu: -0.0505007932351257
