Object: 3 Tau: 3.8669956743583755 V: -2.3658806234819205
Object: 3 dMu: 0.03178365048885252
