Object: 3 Tau: 1.3073687917576193 V: -2.864305527340835
Object: 3 dMu: 0.0049711203208437065
