Object: 3 Tau: 3.000905837323505 V: -2.701399535613347
Object: 3 dMu: 0.015736545914515253
