Object: 3 Tau: 1.126895680122491 V: -2.971948894376044
Object: 3 dMu: 0.005007535039783538
