Object: 3 Tau: 3.443932152137529 V: -2.6853930309825387
Object: 3 dMu: 0.0019045370569824582
