Object: 3 Tau: 3.618790661247867 V: -2.3455249876872024
Object: 3 dMu: -0.038196559525237074
