Object: 3 Tau: 3.7745543004318 V: -2.8667550484265796
Object: 3 dMu: 0.01806088431898551
