Object: 3 Tau: 0.5642737986975924 V: -7.958995187202572
Object: 3 dMu: -0.20545256520703636
