Object: 47662 Tau: 3.060421298009095 V: -0.8712121147564096
Object: 47662 dMu: 0.0076192590267723515
