Object: 47662 Tau: 3.7751928246519277 V: -0.5449203869670489
Object: 47662 dMu: -0.004627978825700183
