Object: 47662 Tau: 3.8171809012776494 V: -0.5028703203130577
Object: 47662 dMu: 0.03317134972797098
