Object: 47662 Tau: 3.4218257264219134 V: -0.7252367992102268
Object: 47662 dMu: -0.01630736099342625
