Object: 47662 Tau: 3.276561848633812 V: -0.792833697967418
Object: 47662 dMu: 0.027052435193796173
