Object: 47662 Tau: 2.8958518520955443 V: -0.9772840098045257
Object: 47662 dMu: -0.038290605341579374
