Object: 47662 Tau: 3.148433530932245 V: -0.8264097644020518
Object: 47662 dMu: 0.013724603653550327
