Object: 47662 Tau: 3.4973025846079397 V: -0.6801428217113548
Object: 47662 dMu: 0.00022686604500593566
