Object: 47662 Tau: 3.1446289427431315 V: -0.8549538529052458
Object: 47662 dMu: 0.010183920270556479
