Object: 47662 Tau: 3.1030743995359957 V: -0.8739414046148375
Object: 47662 dMu: 0.021787363172288104
