Object: 47662 Tau: 3.1373087825018344 V: -0.8750578467872879
Object: 47662 dMu: 0.023939933440377203
