Object: 47662 Tau: 3.1004675088142024 V: -0.8662820011189085
Object: 47662 dMu: -0.010409418785461921
