Object: 47662 Tau: 3.159821684052504 V: -0.8464191301248317
Object: 47662 dMu: 0.008517510725584834
