Object: 47662 Tau: 3.4337389712006967 V: -0.6870831342646192
Object: 47662 dMu: 0.002422915411481338
