Object: 47662 Tau: 2.8417909696554404 V: -0.6811575643867147
Object: 47662 dMu: -0.012182273589160048
