Object: 47662 Tau: 3.333775600814554 V: -0.7557800158079588
Object: 47662 dMu: -0.008635557821405796
