Object: 47662 Tau: 3.114791141194979 V: -0.8427420888483645
Object: 47662 dMu: -0.0012723571514380028
