Object: 47662 Tau: 3.485356860714112 V: -0.6616114942018458
Object: 47662 dMu: 0.0043758349318994555
