Object: 47662 Tau: 2.8473218033660324 V: -0.6853297238765587
Object: 47662 dMu: -0.005302050308752526
