Object: 47662 Tau: 3.4248232256144284 V: -0.7152539629183652
Object: 47662 dMu: -0.0031104827531703086
