Object: 47662 Tau: 2.879368688200925 V: -0.6698570486686316
Object: 47662 dMu: -0.010069416921473825
