Object: 47662 Tau: 3.762515239747884 V: -0.5582942345154527
Object: 47662 dMu: 0.00397198538780285
