Object: 47662 Tau: 3.1813347925814877 V: -0.8443368954801784
Object: 47662 dMu: -0.005788450816285473
