Object: 47662 Tau: 3.310319103874413 V: -0.7592267798046426
Object: 47662 dMu: 0.004707032249681491
