Object: 47662 Tau: 3.3103356573509273 V: -0.7741402355073562
Object: 47662 dMu: 0.017365514109435085
