Object: 47662 Tau: 3.0650189604260722 V: -0.8948592255727632
Object: 47662 dMu: 0.03212761653054316
