Object: 4 Tau: 3.449648767993932 V: -2.381798408855908
Object: 4 dMu: 0.013018580253037676
