Object: 4 Tau: 3.874573122785384 V: -2.878309548777531
Object: 4 dMu: -0.015536413037380589
