Object: 4 Tau: 0.34110633171351346 V: -2.96777253963407
Object: 4 dMu: -0.011083158986663674
