Object: 4 Tau: 3.8131049226495617 V: -2.8766849839788953
Object: 4 dMu: -0.013744083576910288
