Object: 4 Tau: 3.1801730487563655 V: -2.7386897429846173
Object: 4 dMu: -0.017938667030305472
