Object: 4 Tau: 3.466255142163516 V: -2.9964452064817118
Object: 4 dMu: 0.04245875908393443
