Object: 4 Tau: 3.1550981813672774 V: -2.3159464817747377
Object: 4 dMu: 0.022732983677960242
