Object: 4 Tau: 0.9253200917476527 V: -2.9804005912499516
Object: 4 dMu: -0.011495903654854735
