Object: 4 Tau: 3.7051461377961146 V: -2.575232069736641
Object: 4 dMu: 0.02627674814160509
