Object: 4 Tau: 2.966195519145073 V: -2.3130203758760977
Object: 4 dMu: 0.03187157916840516
