Object: 4 Tau: 3.484057763428313 V: -2.106026402565981
Object: 4 dMu: -0.02361159732136655
