Object: 4 Tau: 2.908199290077821 V: -2.4500490291671437
Object: 4 dMu: 0.008018831740791977
