Object: 5 Tau: 3.4263827003558154 V: -2.7070651572197155
Object: 5 dMu: 0.019402141961936417
