Object: 5 Tau: 3.6910511399224273 V: -2.8407758911863255
Object: 5 dMu: -0.003936399206003115
