Object: 5 Tau: 3.8908106982492505 V: -2.633292516194427
Object: 5 dMu: -0.055447814131801595
