Object: 5 Tau: 3.190340876858939 V: -2.5842676137457588
Object: 5 dMu: 0.0002538583542413264
