Object: 5 Tau: 3.867459167366216 V: -2.662664958437105
Object: 5 dMu: 0.08805341925879168
