Object: 5 Tau: 3.875598628433001 V: -2.4560612200919243
Object: 5 dMu: -0.00047350192668621505
