Object: 5 Tau: 3.6653862897626763 V: -2.64644086220208
Object: 5 dMu: 0.022429654603854765
