Object: 5 Tau: 3.6853126185574236 V: -2.967886042292954
Object: 5 dMu: 0.015464650179894894
