Object: 5 Tau: 3.7868605278626544 V: -2.8301508260130817
Object: 5 dMu: 0.015404221703256837
