Object: 5 Tau: 0.01850068642516778 V: -1.8041704618770789
Object: 5 dMu: -0.0016153956903472676
