Object: 5 Tau: 0.04168357698708558 V: -1.8079111875130889
Object: 5 dMu: -0.0009146393322509252
