Object: 60141 Tau: 3.277725488710051 V: -0.6785627578322313
Object: 60141 dMu: -0.021222856881846497
