Object: 60141 Tau: 3.4879443165457356 V: -0.5976773379606485
Object: 60141 dMu: -0.0005299046994932319
