Object: 60141 Tau: 3.1874057212313507 V: -0.7333382431639198
Object: 60141 dMu: -0.016494235750942554
