Object: 60141 Tau: 3.355597060748488 V: -0.6789117749338706
Object: 60141 dMu: -0.012997695885756902
