Object: 60141 Tau: 2.8639958664637803 V: -0.5996178092783897
Object: 60141 dMu: 0.0054512358639131064
