Object: 60141 Tau: 3.000379598207053 V: -0.8208684239224131
Object: 60141 dMu: -0.007996000247427372
