Object: 60141 Tau: 3.2294532426906475 V: -0.6927512036113788
Object: 60141 dMu: -0.029566014419786377
