Object: 60141 Tau: 3.4394066668806875 V: -0.6158359475200175
Object: 60141 dMu: -0.012414539906555985
