Object: 60141 Tau: 3.15334620703114 V: -0.7363316041422856
Object: 60141 dMu: -0.015466632488263625
