Object: 60141 Tau: 3.0759848612205603 V: -0.7704293532210456
Object: 60141 dMu: -0.01718159574439606
