Object: 60141 Tau: 3.005035902368283 V: -0.8225385358171043
Object: 60141 dMu: -0.011484800575141611
