Object: 60141 Tau: 2.871842654635515 V: -0.5964467619904279
Object: 60141 dMu: -0.014497022971371343
