Object: 60141 Tau: 3.2330225024610195 V: -0.7180161798606731
Object: 60141 dMu: -0.0038554508822542153
