Object: 60141 Tau: 3.6013144464473115 V: -0.5379436011197894
Object: 60141 dMu: 0.06776130878773243
