Object: 60141 Tau: 3.1600242685108477 V: -0.7444193539471786
Object: 60141 dMu: 0.027472467223324006
