Object: 60141 Tau: 2.9471842469824474 V: -0.85083816631618
Object: 60141 dMu: -0.02349385603536456
