Object: 60141 Tau: 3.335488678439398 V: -0.6613914024210671
Object: 60141 dMu: -0.013123641593273647
