Object: 60141 Tau: 3.192748428273134 V: -0.7409316900210567
Object: 60141 dMu: -0.014097920416441145
