Object: 60141 Tau: 3.102837060710286 V: -0.772384548192214
Object: 60141 dMu: -0.012904648631100607
