Object: 60141 Tau: 2.985882268481854 V: -0.8012944504552437
Object: 60141 dMu: 0.0015822406761758778
