Object: 60141 Tau: 3.0573911397893094 V: -0.7977042078653562
Object: 60141 dMu: -0.07878233007469765
