Object: 60141 Tau: 3.2267491707858134 V: -0.7147092807768619
Object: 60141 dMu: -0.023924571722140416
