Object: 60141 Tau: 3.589127036223875 V: -0.5168696963191329
Object: 60141 dMu: 0.000949402441838311
