Object: 60141 Tau: 3.295815109027857 V: -0.6794142713964686
Object: 60141 dMu: -0.0017346215583926988
