Object: 60141 Tau: 3.004665574038393 V: -0.828040842426368
Object: 60141 dMu: -0.0007286157806888306
