Object: 63815 Tau: 2.783938307414414 V: -0.6345442243716221
Object: 63815 dMu: 0.12455561677714316
