Object: 63815 Tau: 3.404728798361202 V: -0.3667094713999432
Object: 63815 dMu: -0.0022430024401759556
