Object: 63815 Tau: 3.3043855351433136 V: -0.4240500234556378
Object: 63815 dMu: 0.014698099592099747
