Object: 63815 Tau: 3.4913169852477868 V: -0.3561539199154807
Object: 63815 dMu: 0.0020085457235893694
