Object: 63815 Tau: 3.603891567832701 V: -0.3081939822551571
Object: 63815 dMu: -0.008566045375175482
