Object: 63815 Tau: 3.3413410263926613 V: -0.4013727860791495
Object: 63815 dMu: -0.015477500566151048
