Object: 63815 Tau: 3.2208921166754063 V: -0.4661472825444961
Object: 63815 dMu: 0.009479120268338012
