Object: 63815 Tau: 3.6052643676322034 V: -0.2962954540400392
Object: 63815 dMu: -0.01123433792048828
