Object: 63815 Tau: 3.9523020755845373 V: -0.14644269440702284
Object: 63815 dMu: -2.952954702442135
