Object: 63815 Tau: 3.7429041129821585 V: -0.22767163950197367
Object: 63815 dMu: -0.03672235223455483
