Object: 63815 Tau: 3.5217102054982363 V: -0.3295975297999989
Object: 63815 dMu: 0.014857829604496803
