Object: 63815 Tau: 3.7834041757896335 V: -0.1996114768310145
Object: 63815 dMu: -0.02701834927786018
