Object: 63815 Tau: 3.5185946576658353 V: -0.3189391958951209
Object: 63815 dMu: -0.005601665770163727
