Object: 63815 Tau: 3.5060732646364885 V: -0.32835582982561473
Object: 63815 dMu: 0.03420415619399689
