Object: 63815 Tau: 3.270551536625438 V: -0.4412361091893233
Object: 63815 dMu: -0.001817492917225827
