Object: 63815 Tau: 3.727635905435317 V: -0.2233480692708174
Object: 63815 dMu: -0.02961921103997231
