Object: 63815 Tau: 3.5844411796105047 V: -0.3101591152258264
Object: 63815 dMu: -0.0002173252822889049
