Object: 63815 Tau: 3.5361823174988465 V: -0.3252143194358444
Object: 63815 dMu: 0.007384895614971437
