Object: 63815 Tau: 3.205904604465114 V: -0.4640983103354227
Object: 63815 dMu: 0.002184254465304153
