Object: 63815 Tau: 2.857431870921021 V: -0.33231766684266395
Object: 63815 dMu: 0.36289283929361504
