Object: 63815 Tau: 3.719924835857682 V: -0.22964832116965486
Object: 63815 dMu: 0.011595550829187493
