Object: 63815 Tau: 3.142327270499372 V: -0.5163474561736618
Object: 63815 dMu: 0.013048824804675452
