Object: 63815 Tau: 3.220018850536559 V: -0.4835704330957334
Object: 63815 dMu: 0.009054635424047393
