Object: 63815 Tau: 3.315175875922184 V: -0.4468526902213053
Object: 63815 dMu: 0.00885623787465506
