Object: 63815 Tau: 3.5142464500406096 V: -0.33865670064611897
Object: 63815 dMu: 0.0009620252532200873
