Object: 63815 Tau: 2.861806547273716 V: -0.33416064722687383
Object: 63815 dMu: 0.36395790334778044
