Object: 64167 Tau: 2.880204340124122 V: -0.7140773302236479
Object: 64167 dMu: -0.0031821328477818767
