Object: 64167 Tau: 3.150185720736502 V: -0.5906341535170792
Object: 64167 dMu: -0.003078283663063709
