Object: 64167 Tau: 3.008228332340126 V: -0.7500207137788929
Object: 64167 dMu: -0.1352653277835485
