Object: 64167 Tau: 2.889010328680953 V: -0.6979827588851988
Object: 64167 dMu: -0.030390142128129127
