Object: 64167 Tau: 2.9392755108480864 V: -0.6871850681435683
Object: 64167 dMu: 0.016875138911674803
