Object: 64167 Tau: 2.9003588567595586 V: -0.7166928599516026
Object: 64167 dMu: -0.012432668741109989
