Object: 64167 Tau: 2.876927491770285 V: -0.7020471663855992
Object: 64167 dMu: -0.007634846619393058
