Object: 64167 Tau: 3.0506429958020336 V: -0.6209699501540418
Object: 64167 dMu: -0.018342298528095023
