Object: 64167 Tau: 3.0100350266806672 V: -0.6452145367274132
Object: 64167 dMu: -0.003287438135051321
