Object: 64167 Tau: 3.243082056867429 V: -0.5484037946980371
Object: 64167 dMu: 0.0018886800201378916
