Object: 64167 Tau: 2.8538069211148827 V: -0.5555937784768423
Object: 64167 dMu: -0.11004720998130774
