Object: 64167 Tau: 3.3243751110202373 V: -0.5073475892713765
Object: 64167 dMu: 0.0009688353241103856
