Object: 64167 Tau: 3.018182436895735 V: -0.6596665255375762
Object: 64167 dMu: -0.02090551045493342
