Object: 64167 Tau: 2.9617001494802184 V: -0.6975346083533195
Object: 64167 dMu: -0.0010971496700922026
