Object: 64167 Tau: 3.0101530310737155 V: -0.6694165396566722
Object: 64167 dMu: -0.02002461741502181
