Object: 64167 Tau: 2.9328627057994114 V: -0.7022963581230808
Object: 64167 dMu: 0.018545309569787505
