Object: 64167 Tau: 3.876300625020083 V: -0.23931959880100537
Object: 64167 dMu: 0.06629402689515168
