Object: 64167 Tau: 3.1909723844887843 V: -0.5644512574205249
Object: 64167 dMu: 0.014687861561212566
