Object: 64167 Tau: 2.927446681581234 V: -0.6958413842561993
Object: 64167 dMu: -0.006199853720070144
