Object: 64167 Tau: 2.873501696466014 V: -0.5462677955017382
Object: 64167 dMu: -0.12326156911490148
