Object: 64167 Tau: 3.0674036872288064 V: -0.6104472346388125
Object: 64167 dMu: -0.036799481364568905
