Object: 64167 Tau: 3.1032069378218816 V: -0.5996315875787319
Object: 64167 dMu: -0.003972731330106937
