Object: 6 Tau: 3.2158886271030838 V: -2.740542462790255
Object: 6 dMu: 0.03159979826324717
