Object: 6 Tau: 3.4568454847306223 V: -2.8596683428712373
Object: 6 dMu: -0.009390476651339411
