Object: 6 Tau: 3.46443641564656 V: -2.4504598275770393
Object: 6 dMu: -0.049493724317846086
