Object: 6 Tau: 3.9499901742827026 V: -2.4857099171100736
Object: 6 dMu: -0.00083672284499638
