Object: 6 Tau: 3.74499159521854 V: -2.8206612565828064
Object: 6 dMu: -0.04585612080948466
