Object: 6 Tau: 0.6897658458332474 V: -1.5067278466336118
Object: 6 dMu: -0.00884386215716141
