Object: 6 Tau: 3.7423803322775533 V: -2.7533504707447
Object: 6 dMu: 0.011381739502064274
