Object: 6 Tau: 0.5938297025212336 V: -1.4828987631812578
Object: 6 dMu: -0.009111328744152724
