Object: 6 Tau: 3.858778001829201 V: -2.866044089740052
Object: 6 dMu: 0.006975252406055316
