Object: 6 Tau: 3.450667437749723 V: -2.7078735989962293
Object: 6 dMu: 0.0047798780575080135
