Object: 6 Tau: 3.820324025752064 V: -2.4947021358854036
Object: 6 dMu: -0.032772671019847766
