Object: 72126 Tau: 3.135693741239097 V: -0.5884450839850862
Object: 72126 dMu: 0.02501473524638772
