Object: 72126 Tau: 2.508031490867203 V: -0.6738279494168095
Object: 72126 dMu: 0.005896025552402734
