Object: 72126 Tau: 2.9989174911171816 V: -0.6353424958336792
Object: 72126 dMu: -0.025611107902044378
