Object: 72126 Tau: 3.534806311106424 V: -0.3947481773853778
Object: 72126 dMu: -0.003936855101795426
