Object: 72126 Tau: 3.0862661413411234 V: -0.5990475238597041
Object: 72126 dMu: 0.02153884244365596
