Object: 72126 Tau: 2.941671646726195 V: -0.776890411201189
Object: 72126 dMu: 0.01108249126807774
