Object: 72126 Tau: 2.858317197594592 V: -0.7216621333589992
Object: 72126 dMu: 0.004189565642230907
