Object: 72126 Tau: 2.4988337261596927 V: -0.6804721212048332
Object: 72126 dMu: 0.011023351493204409
