Object: 72126 Tau: 2.9257029810081088 V: -0.6737175881652177
Object: 72126 dMu: 0.001772986640729386
