Object: 72126 Tau: 3.2300724131673633 V: -0.5441142119676567
Object: 72126 dMu: -0.01649442137912069
