Object: 72126 Tau: 3.2080904600954856 V: -0.5597355927199323
Object: 72126 dMu: 0.009737200351646207
