Object: 72126 Tau: 3.543189861523981 V: -0.41398502577970653
Object: 72126 dMu: -0.028911112702738443
