Object: 72126 Tau: 3.1352029094297533 V: -0.5878580005320273
Object: 72126 dMu: -0.004208822377032753
