Object: 72126 Tau: 3.217246080954503 V: -0.5336487482364605
Object: 72126 dMu: 0.013076048479726862
