Object: 72126 Tau: 3.029416534941707 V: -0.6465518711248845
Object: 72126 dMu: -0.009432058750299593
