Object: 72126 Tau: 3.228566486636395 V: -0.5500975754999947
Object: 72126 dMu: -0.00151747485593289
