Object: 72126 Tau: 2.926786007159928 V: -0.6726172897022216
Object: 72126 dMu: 0.001038997868190537
