Object: 72126 Tau: 2.9265125746317007 V: -0.6735917625846302
Object: 72126 dMu: 0.0018160528157950986
