Object: 72126 Tau: 3.0271630762707007 V: -0.6085234413998962
Object: 72126 dMu: 0.02127681019087957
