Object: 72126 Tau: 2.927471797269367 V: -0.6723745320130378
Object: 72126 dMu: 0.0016472986823178944
