Object: 72126 Tau: 2.841428580413617 V: -0.6877677787697191
Object: 72126 dMu: 0.011571754144133431
