Object: 72126 Tau: 3.197857986111062 V: -0.5459405690623162
Object: 72126 dMu: -0.022010219870554418
