Object: 74440 Tau: 3.0636599179388826 V: -0.4526050032197365
Object: 74440 dMu: -0.19086111615443824
