Object: 74440 Tau: 3.6554677081192857 V: -0.3472815376895043
Object: 74440 dMu: 0.06160141102195335
