Object: 74440 Tau: 3.2313374662702126 V: -0.5425616435605282
Object: 74440 dMu: -0.0005786386233612301
