Object: 74440 Tau: 3.6870223095411285 V: -0.3139881701239306
Object: 74440 dMu: -0.0004991087773104953
