Object: 74440 Tau: 3.597813685382419 V: -0.3799603377657068
Object: 74440 dMu: 0.008313316541285946
