Object: 74440 Tau: 3.6940919404653747 V: -0.3336538710881169
Object: 74440 dMu: -0.0013274290154101226
