Object: 74440 Tau: 3.678018014045444 V: -0.34110271438931067
Object: 74440 dMu: 0.013408809474030843
