Object: 74440 Tau: 3.61274807041769 V: -0.35960185926090127
Object: 74440 dMu: -0.008907123377600665
