Object: 74440 Tau: 3.674715970903567 V: -0.35031601046235206
Object: 74440 dMu: 0.000945242618796735
