Object: 74440 Tau: 3.0684239148095074 V: -0.448460045550206
Object: 74440 dMu: -0.208855309616048
