Object: 74440 Tau: 3.590843027134848 V: -0.39588905030247173
Object: 74440 dMu: -0.017234738948675117
