Object: 74440 Tau: 3.501108999455235 V: -0.3833434432568945
Object: 74440 dMu: -0.005230515946963589
