Object: 74440 Tau: 3.350761190875422 V: -0.5028098071008432
Object: 74440 dMu: 0.005552496619367693
