Object: 74440 Tau: 3.2533325481251762 V: -0.5865437960864697
Object: 74440 dMu: -0.21121879982907704
