Object: 74440 Tau: 3.5775505161705334 V: -0.38151447038528996
Object: 74440 dMu: -0.0038850647777993394
