Object: 74440 Tau: 3.5754587873493917 V: -0.37482286381996965
Object: 74440 dMu: -0.005982883272626124
