Object: 74440 Tau: 3.634077358820422 V: -0.3619829221853778
Object: 74440 dMu: -0.06761221188196448
