Object: 74440 Tau: 3.4731165795767684 V: -0.45352531400282303
Object: 74440 dMu: 0.006173499965178596
