Object: 74440 Tau: 3.552704840634621 V: -0.36820013401161966
Object: 74440 dMu: -0.009539191483935165
