Object: 74440 Tau: 3.7513283194552836 V: -0.2972200909902305
Object: 74440 dMu: 0.008379915012183263
