Object: 74440 Tau: 3.5659787721307783 V: -0.37887622446587554
Object: 74440 dMu: -0.03146057370124085
