Object: 74440 Tau: 3.742210848099691 V: -0.2885167585497144
Object: 74440 dMu: -0.007534766291938354
