Object: 75375 Tau: 3.1738022677063 V: -0.6199238808841838
Object: 75375 dMu: -0.01873267200142134
