Object: 75375 Tau: 0.0070756792218191495 V: -0.1876677098390856
Object: 75375 dMu: -0.020889265054962178
