Object: 75375 Tau: 3.2819369251451804 V: -0.5809474196134305
Object: 75375 dMu: -0.0031310567663611205
