Object: 75375 Tau: 2.87690511602589 V: -0.7642312885070252
Object: 75375 dMu: -0.009088443158767622
