Object: 75375 Tau: 2.8785943285734694 V: -0.7590082466954768
Object: 75375 dMu: -0.017534474116002216
