Object: 75375 Tau: 2.8783256810778903 V: -0.7593872700652757
Object: 75375 dMu: -0.01754967353581211
