Object: 75375 Tau: 2.8810208628990193 V: -0.7608375691847903
Object: 75375 dMu: -0.017915356565237777
