Object: 75375 Tau: 1.0092126862538844 V: 0.30284110791970975
Object: 75375 dMu: -0.028395181160027726
