Object: 75375 Tau: 2.8235249264590867 V: -0.7767159148074589
Object: 75375 dMu: 0.003347821106669561
