Object: 75375 Tau: 2.8770306737888838 V: -0.7591861302254286
Object: 75375 dMu: -0.018381381828739312
