Object: 75375 Tau: 2.8908044271503774 V: -0.766581564459609
Object: 75375 dMu: 0.006810951081374892
