Object: 75375 Tau: 2.878444843270621 V: -0.759460174521559
Object: 75375 dMu: -0.017571183598082088
