Object: 75375 Tau: 3.1371476481838125 V: -0.6498522492684814
Object: 75375 dMu: 0.010100566299388825
