Object: 75375 Tau: 2.8787652728278688 V: -0.7591745528381484
Object: 75375 dMu: -0.01717325237799736
