Object: 75375 Tau: 3.1654083965205864 V: -0.5763104272099994
Object: 75375 dMu: 0.08106462091637714
