Object: 75375 Tau: 0.0002947993346499541 V: -0.1866345306994558
Object: 75375 dMu: 0.02530155210836122
