Object: 75375 Tau: 2.8790407548003354 V: -0.7598759076225674
Object: 75375 dMu: -0.016531539492249593
