Object: 75375 Tau: 2.86117902703246 V: -0.7689060452839205
Object: 75375 dMu: -0.005313122928288503
