Object: 75375 Tau: 2.8797261406766643 V: -0.7597431166878489
Object: 75375 dMu: -0.017094487608984087
