Object: 75375 Tau: 2.918445150900407 V: -0.7389967384742946
Object: 75375 dMu: -0.0007386119715915747
