Object: 75375 Tau: 3.059294453502833 V: -0.6893055348654646
Object: 75375 dMu: 0.004179877627925224
