Object: 75375 Tau: 3.2049775888880943 V: -0.5892501763021153
Object: 75375 dMu: -0.0009584294475323274
