Object: 75375 Tau: 2.878149706392857 V: -0.7600836455224231
Object: 75375 dMu: -0.01840786326612012
