Object: 75375 Tau: 3.4087993334398923 V: -0.5074200262253602
Object: 75375 dMu: 0.01679804367524989
