Object: 75375 Tau: 2.880697116450427 V: -0.760447255865796
Object: 75375 dMu: -0.016132806841688555
