Object: 75375 Tau: 3.384208876770378 V: -0.5017094620919831
Object: 75375 dMu: -0.007708427571313181
