Object: 75375 Tau: 3.0178943705382575 V: -0.7015869045677849
Object: 75375 dMu: -0.0006489058926961522
