Object: 75375 Tau: 2.877753640639372 V: -0.7569505056210096
Object: 75375 dMu: -0.019411050222624564
