Object: 75375 Tau: 3.2223389374607243 V: -0.5851928805398473
Object: 75375 dMu: -0.01862425622892458
