Object: 75375 Tau: 2.8730483695790494 V: -0.7613536643361131
Object: 75375 dMu: -0.015661698355908762
