Object: 75375 Tau: 2.8769622574449856 V: -0.7602041017175731
Object: 75375 dMu: -0.014168009093642903
