Object: 75375 Tau: 2.867533795265493 V: -0.7697851682801734
Object: 75375 dMu: 0.010084970888877044
