Object: 75375 Tau: 2.880399663880341 V: -0.7608981282064485
Object: 75375 dMu: -0.008546373258771653
