Object: 75375 Tau: 3.1552332938741205 V: -0.5782506777950207
Object: 75375 dMu: 0.07910319055449307
