Object: 75375 Tau: 2.877423355663486 V: -0.7623347653960441
Object: 75375 dMu: -0.003840996588767128
