Object: 75375 Tau: 2.8778228814551334 V: -0.7621092166412247
Object: 75375 dMu: -0.013123098156844997
