Object: 75375 Tau: 0.003435834219087894 V: -0.17802065581632098
Object: 75375 dMu: -0.04426584443843365
