Object: 75375 Tau: 2.998682929506224 V: -0.6840210873268545
Object: 75375 dMu: -0.010444356538283503
