Object: 75375 Tau: 2.877485422834228 V: -0.7619283145463881
Object: 75375 dMu: -0.016810039703530337
