Object: 75375 Tau: 0.00139637402986257 V: -0.18839145811799934
Object: 75375 dMu: 0.009338615717588511
