Object: 75375 Tau: 1.0053615526495951 V: 0.30020216989329435
Object: 75375 dMu: -0.032962446605508254
