Object: 75375 Tau: 2.9470753572928436 V: -0.7327552959441482
Object: 75375 dMu: 0.01231732825889217
