Object: 75375 Tau: 2.878077635206552 V: -0.7592873146532527
Object: 75375 dMu: -0.016455289940633288
