Object: 75375 Tau: 2.981846317901191 V: -0.7209675998616175
Object: 75375 dMu: 0.01072573036867093
