Object: 75375 Tau: 2.910018330330324 V: -0.7475098692770095
Object: 75375 dMu: -0.018308985866672983
