Object: 75375 Tau: 2.878310510191355 V: -0.7592247496342187
Object: 75375 dMu: -0.01740509196957376
