Object: 75375 Tau: 2.8760126858462436 V: -0.7581491471072995
Object: 75375 dMu: -0.018227622082919708
