Object: 75375 Tau: 2.8783643790761926 V: -0.758712888596021
Object: 75375 dMu: -0.016353547593593497
