Object: 75375 Tau: 0.004875921691851059 V: -0.17686098104992518
Object: 75375 dMu: 0.01845285784699358
