Object: 75375 Tau: 2.962935006961223 V: -0.7076377998102299
Object: 75375 dMu: -0.011888388669848794
