Object: 75375 Tau: 3.058254640984141 V: -0.6665541787400753
Object: 75375 dMu: 0.021461878655274907
