Object: 75375 Tau: 2.8792796997759456 V: -0.7595381211727692
Object: 75375 dMu: -0.018331922478904812
