Object: 75375 Tau: 3.1389816489101636 V: -0.6399987547664714
Object: 75375 dMu: -0.02347972372127823
