Object: 75375 Tau: 0.005339355553610944 V: -0.19899390888170254
Object: 75375 dMu: -0.010490716919524242
