Object: 75375 Tau: 2.8785542691194617 V: -0.7580525409274741
Object: 75375 dMu: -0.015144675526193037
