Object: 75375 Tau: 2.877188399291612 V: -0.7584378242737431
Object: 75375 dMu: -0.01622002096685713
