Object: 75375 Tau: 2.8790253244071033 V: -0.7605732474017247
Object: 75375 dMu: -0.013658486678257788
