Object: 75375 Tau: 2.8688328150239157 V: -0.7641437910298787
Object: 75375 dMu: 0.0003470052117356473
