Object: 75375 Tau: 2.870607968172723 V: -0.7677654280382774
Object: 75375 dMu: -0.010338655975934662
