Object: 75375 Tau: 3.009781168912225 V: -0.7095467462974966
Object: 75375 dMu: -0.10128185908706278
