Object: 75375 Tau: 2.878139219682835 V: -0.7601457677700739
Object: 75375 dMu: -0.016864833089703248
