Object: 75375 Tau: 2.8772032764338147 V: -0.7589530455520618
Object: 75375 dMu: -0.015180396825211934
