Object: 75375 Tau: 1.0018424853949708 V: 0.30431514874443666
Object: 75375 dMu: -0.020839219268886402
