Object: 75375 Tau: 1.0021494539855713 V: 0.29334017357244635
Object: 75375 dMu: -0.02285031674223601
