Object: 75375 Tau: 2.878549063455467 V: -0.7603930505183458
Object: 75375 dMu: -0.017631875670965958
