Object: 75375 Tau: 2.8788158090956686 V: -0.7591790458530664
Object: 75375 dMu: -0.016394329128571233
