Object: 75375 Tau: 2.880976464011435 V: -0.757200496157952
Object: 75375 dMu: -0.01665346897437274
