Object: 75375 Tau: 2.879110800185255 V: -0.7585776107434326
Object: 75375 dMu: -0.0168596091092027
