Object: 75375 Tau: 3.26144890778259 V: -0.5608204029586965
Object: 75375 dMu: 0.005943123820222126
