Object: 75375 Tau: 2.8783158573060232 V: -0.7591981512708116
Object: 75375 dMu: -0.017537776278964426
