Object: 75375 Tau: 2.8764532687291657 V: -0.7595959403133724
Object: 75375 dMu: -0.01628645532629167
