Object: 75375 Tau: 3.049263752824066 V: -0.674271698389759
Object: 75375 dMu: 0.005544048597452507
