Object: 75375 Tau: 2.885437143142727 V: -0.7642683213289563
Object: 75375 dMu: -0.017344249867555454
