Object: 75375 Tau: 2.878898496088983 V: -0.7592807283414225
Object: 75375 dMu: -0.01779320957439293
