Object: 75375 Tau: 2.8775983825734786 V: -0.760929967000717
Object: 75375 dMu: -0.015440522425606394
