Object: 75375 Tau: 3.318589069102097 V: -0.5494266349808543
Object: 75375 dMu: -0.00012688383176684415
