Object: 75375 Tau: 2.8815229180866497 V: -0.7567274000980718
Object: 75375 dMu: -0.007928047343436218
