Object: 75375 Tau: 2.8782142556839583 V: -0.7593303379426832
Object: 75375 dMu: -0.015765203939761087
