Object: 75375 Tau: 2.877237048126474 V: -0.7596740741513585
Object: 75375 dMu: -0.016704270377917316
