Object: 75375 Tau: 0.0009262122081652447 V: -0.18739525835072005
Object: 75375 dMu: -0.020206650228704895
