Object: 75375 Tau: 2.880842295400737 V: -0.7576949765090516
Object: 75375 dMu: -0.01849280574223279
