Object: 75375 Tau: 2.8741785182638244 V: -0.7542359095654128
Object: 75375 dMu: -0.009174367859257009
