Object: 75375 Tau: 2.976985750108853 V: -0.7221998768160804
Object: 75375 dMu: 0.0019900882464042938
