Object: 75375 Tau: 2.8784389210606904 V: -0.7594137154791579
Object: 75375 dMu: -0.01720026507842048
