Object: 75375 Tau: 1.000161084063028 V: 0.28848444220546215
Object: 75375 dMu: 0.012546923904805017
