Object: 75375 Tau: 2.879734657742011 V: -0.7588037434027046
Object: 75375 dMu: -0.01705238749245442
