Object: 75375 Tau: 3.336042382842435 V: -0.6631945631052585
Object: 75375 dMu: 0.04008692780714672
