Object: 75375 Tau: 2.883297100808482 V: -0.7597127138310902
Object: 75375 dMu: -0.014002804417618453
