Object: 75375 Tau: 2.8784671412029326 V: -0.759080478540717
Object: 75375 dMu: -0.01733503781224272
