Object: 75375 Tau: 3.051276820396721 V: -0.6755831535212997
Object: 75375 dMu: -0.005971808198639513
