Object: 75375 Tau: 2.8765211449920396 V: -0.7597118064056206
Object: 75375 dMu: -0.008598255253194562
