Object: 75375 Tau: 3.198918440933049 V: -0.6287689830328368
Object: 75375 dMu: 0.005719547810003098
