Object: 75375 Tau: 3.201967133376484 V: -0.6064830968255086
Object: 75375 dMu: -0.19836023333255168
