Object: 75375 Tau: 2.878386181123132 V: -0.7591984217366541
Object: 75375 dMu: -0.016160734355334157
