Object: 75375 Tau: 1.0046325119396495 V: 0.29401482545853513
Object: 75375 dMu: -0.02179412806207967
