Object: 75375 Tau: 3.179448614101217 V: -0.8123082029859867
Object: 75375 dMu: -0.011766377696156446
