Object: 75375 Tau: 2.8451226025574448 V: -0.7625816596410779
Object: 75375 dMu: 0.002209961868053313
