Object: 75375 Tau: 2.879122976655588 V: -0.7595656283024241
Object: 75375 dMu: -0.017320309483461426
