Object: 75375 Tau: 2.953892786358389 V: -0.6986828310790898
Object: 75375 dMu: -0.007248630660409403
