Object: 75375 Tau: 2.884197918145896 V: -0.7574055831505376
Object: 75375 dMu: -0.018741034646880934
