Object: 75375 Tau: 2.876180807910941 V: -0.7566351815418298
Object: 75375 dMu: -0.017344924225967322
