Object: 75375 Tau: 1.0078544470004356 V: 0.2958196046456978
Object: 75375 dMu: -0.034197880733162093
