Object: 75375 Tau: 0.0030862240037941744 V: -0.18054493344043762
Object: 75375 dMu: 0.03433133359108226
