Object: 75375 Tau: 2.8770764681805874 V: -0.7615118308137814
Object: 75375 dMu: -0.018094917770985007
