Object: 75375 Tau: 2.8780211231105377 V: -0.7587314770968527
Object: 75375 dMu: -0.017396007365178538
