Object: 75375 Tau: 2.8784857700910544 V: -0.7586720121263111
Object: 75375 dMu: -0.01718585465924944
