Object: 75375 Tau: 1.0010254747529896 V: 0.307176521215888
Object: 75375 dMu: 0.022520633438664353
