Object: 75375 Tau: 2.878656548007041 V: -0.7588240434760941
Object: 75375 dMu: -0.01761281737755277
