Object: 75375 Tau: 1.0052086203061013 V: 0.29975509260060285
Object: 75375 dMu: 0.019583474771167106
