Object: 75375 Tau: 1.0085442305616 V: 0.288714620768691
Object: 75375 dMu: 0.022779471749896384
