Object: 75375 Tau: 2.878346879485453 V: -0.7591434667090291
Object: 75375 dMu: -0.01739077943612018
