Object: 75375 Tau: 1.002164312857353 V: 0.28450316402327125
Object: 75375 dMu: -0.005397842371629262
