Object: 75375 Tau: 2.878649919051821 V: -0.7595693823018088
Object: 75375 dMu: -0.017623820020738316
