Object: 75375 Tau: 3.092198753773566 V: -0.6581546683431609
Object: 75375 dMu: -0.6610338172726067
