Object: 75375 Tau: 1.0045655865761876 V: 0.29490557805391693
Object: 75375 dMu: -0.021008548086091712
