Object: 75375 Tau: 3.008941452098154 V: -0.730814515217215
Object: 75375 dMu: -0.013123434959605322
