Object: 75375 Tau: 2.878967536189718 V: -0.7581793460404893
Object: 75375 dMu: -0.017266971701270787
