Object: 75375 Tau: 2.8782440160832863 V: -0.7562023254389396
Object: 75375 dMu: -0.01594576179973257
