Object: 75375 Tau: 2.8782834901697845 V: -0.7591557512816189
Object: 75375 dMu: -0.017462749265551608
