Object: 75375 Tau: 3.422089076499977 V: -0.4992228386821944
Object: 75375 dMu: -0.1728562198512218
