Object: 75375 Tau: 3.0684632707051716 V: -0.665920729017118
Object: 75375 dMu: -0.016219373565328987
