Object: 75375 Tau: 2.8802729037637063 V: -0.7584721557838335
Object: 75375 dMu: -0.017847623043607576
