Object: 75375 Tau: 2.998532495075546 V: -0.7122465814490565
Object: 75375 dMu: 0.01423401741180496
