Object: 75375 Tau: 2.9892780242292547 V: -0.7066997197873979
Object: 75375 dMu: 0.02774768228854871
