Object: 75375 Tau: 2.878014468431359 V: -0.7592061905760569
Object: 75375 dMu: -0.01656836418222724
