Object: 75375 Tau: 2.8899837961996093 V: -0.7526250629240969
Object: 75375 dMu: -0.012435907583746676
