Object: 75375 Tau: 1.0058223112379698 V: 0.30643319876483827
Object: 75375 dMu: -0.0031898152346393543
