Object: 75375 Tau: 2.8783676825031255 V: -0.7591378666742363
Object: 75375 dMu: -0.017340049929902405
