Object: 75375 Tau: 2.8831351445125617 V: -0.7483109768288572
Object: 75375 dMu: -0.011874719104647893
