Object: 75375 Tau: 3.0074546881387683 V: -0.6906389914101454
Object: 75375 dMu: 0.009143966861428002
