Object: 75375 Tau: 2.8743947652449746 V: -0.7594347265272725
Object: 75375 dMu: -0.016981713231817106
