Object: 75375 Tau: 1.0077466693803339 V: 0.29903375419256945
Object: 75375 dMu: 0.008321284375956986
