Object: 75375 Tau: 2.8767995589149624 V: -0.7606129565088776
Object: 75375 dMu: -0.016983357719192297
