Object: 75375 Tau: 3.210128958823564 V: -0.595199437093382
Object: 75375 dMu: 1.2753329244802445
