Object: 75375 Tau: 2.878755664297205 V: -0.7587206722774953
Object: 75375 dMu: -0.017518801050596205
