Object: 75375 Tau: 2.8787054726520394 V: -0.7594659493186738
Object: 75375 dMu: -0.017119960290191888
