Object: 75375 Tau: 2.8780407134063624 V: -0.7593354908407135
Object: 75375 dMu: -0.016766804768440977
