Object: 75375 Tau: 2.878984805911594 V: -0.7592650533594056
Object: 75375 dMu: -0.017938780176897186
