Object: 75375 Tau: 2.8751945389953173 V: -0.7589974554194387
Object: 75375 dMu: -0.01709361675643002
