Object: 75375 Tau: 2.8797684833763797 V: -0.7588680722955443
Object: 75375 dMu: -0.017686929912156795
