Object: 75375 Tau: 3.3186280819857865 V: -0.5593246271830747
Object: 75375 dMu: -0.041101347918488074
