Object: 75375 Tau: 2.8590216182142614 V: -0.7575091076980962
Object: 75375 dMu: 0.005011446172942226
