Object: 75375 Tau: 2.8769463984118717 V: -0.7585077950622074
Object: 75375 dMu: -0.012308361186854206
