Object: 75375 Tau: 2.878312463397256 V: -0.7595112696975977
Object: 75375 dMu: -0.018049445992747448
