Object: 75375 Tau: 2.869995963327283 V: -0.755976857365677
Object: 75375 dMu: 0.007534886957819266
