Object: 75375 Tau: 2.878294312304506 V: -0.7590939521036765
Object: 75375 dMu: -0.017451362433027105
