Object: 75375 Tau: 3.030574755369088 V: -0.7124948002879414
Object: 75375 dMu: -0.02836558262881831
