Object: 75375 Tau: 2.9182712075380266 V: -0.7175191760311653
Object: 75375 dMu: -0.020047526397919062
