Object: 75375 Tau: 2.878518425783942 V: -0.7590451385349759
Object: 75375 dMu: -0.0174609256632416
