Object: 75375 Tau: 2.8787034542836314 V: -0.758322290832044
Object: 75375 dMu: -0.017597732299095552
