Object: 75375 Tau: 2.9707291603901855 V: -0.7083702791543994
Object: 75375 dMu: 0.01061009322473256
