Object: 75375 Tau: 3.184754787085609 V: -0.6166171864939406
Object: 75375 dMu: -0.010334440590423167
