Object: 7 Tau: 3.833123587680973 V: -2.4275814868237284
Object: 7 dMu: -0.05705604324520629
