Object: 7 Tau: 3.879628049529935 V: -2.503622299093699
Object: 7 dMu: -0.04864536034357997
