Object: 7 Tau: 2.683623573694872 V: -2.2946187322532987
Object: 7 dMu: -0.0048723010813097045
