Object: 7 Tau: 3.797284315851049 V: -2.1859479193533273
Object: 7 dMu: -0.009100851220186938
