Object: 7 Tau: 3.6701293859976896 V: -2.5597407753206167
Object: 7 dMu: 0.025857429367815238
