Object: 7 Tau: 3.57223238532687 V: -2.467976089271736
Object: 7 dMu: 0.04949858351472663
