Object: 7 Tau: 0.09640324713788662 V: -1.2357945797692402
Object: 7 dMu: 0.0023477003541329394
