Object: 7 Tau: 3.0770221891488756 V: -2.599781596785698
Object: 7 dMu: -0.04523297076806243
