Object: 7 Tau: 0.13889650915464297 V: -1.220700045218666
Object: 7 dMu: 0.006857230387474832
