Object: 7 Tau: 3.7471525508965993 V: -2.1381144124509586
Object: 7 dMu: -0.00941722272358287
