Object: 7 Tau: 2.9946818810007794 V: -2.298998755764297
Object: 7 dMu: 0.03046214069607076
