Object: 80 Tau: 0.0033827361834710135 V: -2.326403061229552
Object: 80 dMu: 0.00036067474460930435
