Object: 81 Tau: 1.5358282138094557 V: -2.893354568608466
Object: 81 dMu: 0.007733280527043085
