Object: 8 Tau: 0.016700328246789464 V: -1.0335194690209215
Object: 8 dMu: -0.06360793456678408
