Object: 8 Tau: 3.78204261038053 V: -1.8332836539859325
Object: 8 dMu: 0.021716035455928505
