Object: 8 Tau: 0.035257888586682065 V: -1.044039576239288
Object: 8 dMu: -0.062226832461964324
