Object: 8 Tau: 3.570418658457112 V: -2.558264696863559
Object: 8 dMu: 0.0009551872927257513
