Object: 8 Tau: 3.6670196846721845 V: -2.6165079544416323
Object: 8 dMu: 0.02864567791108298
