Object: 8 Tau: 3.80449471005113 V: -2.348993454069143
Object: 8 dMu: -0.03944329533641132
