Object: 8 Tau: 0.7162402087345826 V: -2.1119980329491668
Object: 8 dMu: -0.019313794210544674
