Object: 8 Tau: 3.881554537184077 V: -2.460250709413486
Object: 8 dMu: -0.03462156743589903
