Object: 8 Tau: 2.3415548984278804 V: -2.7241545349957415
Object: 8 dMu: -0.05183639655237034
