Object: 8 Tau: 1.8400855885697902 V: -2.0994361667334758
Object: 8 dMu: -0.015277126873067912
