Object: 8 Tau: 3.456614060277277 V: -0.9969399240082475
Object: 8 dMu: -0.040313080505035154
