Object: 8 Tau: 3.6018573942199303 V: -2.722124514766063
Object: 8 dMu: 0.04426893445191987
