Object: 8 Tau: 3.289112077797155 V: -1.791472462052826
Object: 8 dMu: -0.048633596790470524
