Object: 8 Tau: 1.783995145791748 V: -2.1203993863851482
Object: 8 dMu: 0.007756083661381835
