Object: 9004 Tau: 3.305304873700269 V: -0.7415882432950227
Object: 9004 dMu: 0.01648277275858448
