Object: 9004 Tau: 3.589945308000599 V: -0.5382263839018647
Object: 9004 dMu: 0.007815865412316316
