Object: 9004 Tau: 3.25705227203682 V: -0.7698236785571686
Object: 9004 dMu: 0.01916890472165189
