Object: 9004 Tau: 3.840454306105496 V: -0.4212882191753767
Object: 9004 dMu: 0.009558301737519342
