Object: 9004 Tau: 3.386935716161372 V: -0.6261576754095437
Object: 9004 dMu: -0.013453208729300142
