Object: 9004 Tau: 3.575020142873643 V: -0.5075954874148054
Object: 9004 dMu: 0.027350969322696213
