Object: 9004 Tau: 3.580930460297504 V: -0.524381111977172
Object: 9004 dMu: 0.04160115077248852
