Object: 9004 Tau: 3.4061391252904984 V: -0.44258608317860215
Object: 9004 dMu: 0.05511342335919571
