Object: 9004 Tau: 1.9738092015991096 V: -0.536252226731651
Object: 9004 dMu: 0.05187941916985788
