Object: 9004 Tau: 3.7460275648991948 V: -0.43541897618066366
Object: 9004 dMu: 0.027076163244760185
