Object: 9004 Tau: 3.4498850296522914 V: -0.4193877618324716
Object: 9004 dMu: 0.06012571541237843
