Object: 9004 Tau: 3.2922158571963367 V: -0.7439790988563264
Object: 9004 dMu: 0.020495346019526406
