Object: 9004 Tau: 3.5238483680461647 V: -0.5537108560884232
Object: 9004 dMu: -0.0008168493537545184
