Object: 9004 Tau: 3.7832651024457173 V: -0.4072407740490373
Object: 9004 dMu: 0.01738952645514702
