Object: 9004 Tau: 1.971477531472328 V: -0.5169788370283134
Object: 9004 dMu: -0.09072825025988612
