Object: 9004 Tau: 1.9666272056385057 V: -0.5399278573450512
Object: 9004 dMu: 0.05334341558164479
