Object: 9004 Tau: 3.8406058059714585 V: -0.4055896617839125
Object: 9004 dMu: 0.010040558310898978
