Object: 9004 Tau: 3.3843851284302953 V: -0.6097098897909112
Object: 9004 dMu: 0.010364465199259407
