Object: 9004 Tau: 3.441356334141668 V: -0.5835363961683513
Object: 9004 dMu: -0.002236146696345781
