Object: 9004 Tau: 3.6393518148746606 V: -0.4985706804490445
Object: 9004 dMu: 0.03018791153971455
