Object: 9004 Tau: 3.4435154764199445 V: -0.5743568384266359
Object: 9004 dMu: -0.036591129974507225
