Object: 9004 Tau: 3.4253286153629086 V: -0.4308222251493915
Object: 9004 dMu: 0.06882030590178659
