Object: 9004 Tau: 3.64414142185077 V: -0.5004298374018107
Object: 9004 dMu: -0.010334077311165327
