Object: 9004 Tau: 3.500912133273175 V: -0.5628270511843187
Object: 9004 dMu: -0.02017615989497827
