Object: 9004 Tau: 3.3246701453573464 V: -0.6452398132879614
Object: 9004 dMu: 0.010268994087622975
