Object: 9004 Tau: 3.6856449609817497 V: -0.4637252315519854
Object: 9004 dMu: 0.000718231988333401
