Object: 9004 Tau: 3.90728989633155 V: -0.34430220681770257
Object: 9004 dMu: -0.018466900126467543
