Object: 9004 Tau: 3.4039628476434465 V: -0.4433032012085448
Object: 9004 dMu: 0.057040655152607894
