Object: 9004 Tau: 3.2494525734018844 V: -0.7676733921506527
Object: 9004 dMu: 0.026712917288913562
