Object: 9004 Tau: 3.3419060943943006 V: -0.6329570582375108
Object: 9004 dMu: -0.015292487311542417
