Object: 9004 Tau: 3.682969991925718 V: -0.46229728639609946
Object: 9004 dMu: 0.006398739471495649
