Object: 9004 Tau: 3.6742315187346923 V: -0.47282149110935123
Object: 9004 dMu: -0.00115304215953059
