Object: 98 Tau: 0.9791182870178591 V: -0.8878351982446981
Object: 98 dMu: -0.019027180346884113
