Object: 9 Tau: 3.564952182679732 V: -2.733414877376719
Object: 9 dMu: -0.017385593388454745
