Object: 9 Tau: 1.1616088011791708 V: -2.2492081751850717
Object: 9 dMu: -0.0009676096726752277
