Object: 9 Tau: 3.9059956825898894 V: -2.449766827304913
Object: 9 dMu: -0.0070581768029476175
