Object: 9 Tau: 3.471544918855807 V: -2.4057863402906516
Object: 9 dMu: 0.04559172490442363
