Object: 9 Tau: 3.5744215776768877 V: -2.4764045484924146
Object: 9 dMu: -0.013824163297173314
