Object: 9 Tau: 3.678401678507602 V: -2.9918510810097483
Object: 9 dMu: 0.0058934161032462365
