Object: 9 Tau: 3.8339406610565905 V: -2.4863910997840453
Object: 9 dMu: 0.004279181403472235
