Object: 9 Tau: 1.2385450022655227 V: -2.2905198513192095
Object: 9 dMu: -0.0009493595172659917
