Object: 9 Tau: 3.5153204733858674 V: -2.7159448753090043
Object: 9 dMu: 0.005321477776134342
