Object: 9 Tau: 3.635162149791899 V: -2.9604649633143025
Object: 9 dMu: -0.006748153033194076
