Object: 9 Tau: 3.586518274625503 V: -2.982257763162061
Object: 9 dMu: 0.021724187329160278
